date   open   high   low   close   volume
2016-08-26   107.410004   107.949997   106.309998   106.940002   2.77663E7
2016-08-25   107.389999   107.879997   106.68   107.57   2.50862E7
2016-08-24   108.57   108.75   107.68   108.029999   2.36751E7
2016-08-23   108.589996   109.32   108.529999   108.849998   2.12577E7
2016-08-22   108.860001   109.099998   107.849998   108.510002   2.58202E7
2016-08-19   108.769997   109.690002   108.360001   109.360001   2.53681E7
2016-08-18   109.230003   109.599998   109.019997   109.080002   2.19847E7
2016-08-17   109.099998   109.370003   108.339996   109.220001   2.5356E7
2016-08-16   109.629997   110.230003   109.209999   109.379997   3.37944E7
2016-08-15   108.139999   109.540001   108.080002   109.480003   2.58682E7
2016-08-12   107.779999   108.440002   107.779999   108.18   1.86604E7
2016-08-11   108.519997   108.93   107.849998   107.93   2.74845E7
2016-08-10   108.709999   108.900002   107.760002   108.0   2.40085E7
2016-08-09   108.230003   108.940002   108.010002   108.809998   2.63152E7
2016-08-08   107.519997   108.370003   107.160004   108.370003   2.80372E7
2016-08-05   106.269997   107.650002   106.18   107.480003   4.05534E7
2016-08-04   105.580002   106.0   105.279999   105.870003   2.74087E7
2016-08-03   104.809998   105.839996   104.769997   105.790001   3.02026E7
2016-08-02   106.050003   106.07   104.0   104.480003   3.38166E7
2016-08-01   104.410004   106.150002   104.410004   106.050003   3.81679E7
2016-07-29   104.190002   104.550003   103.68   104.209999   2.77337E7
2016-07-28   102.830002   104.449997   102.82   104.339996   3.98698E7
2016-07-27   104.269997   104.349998   102.75   102.949997   9.23448E7
2016-07-26   96.82   97.970001   96.419998   96.669998   5.62398E7
